30
7
66
14
10
73
21
10
161
34
46
89
58
7
7
54
9
52
208
25
33
18
5
42
4
60
15
65
44
52
6
265
0
8
12
85
90
53
5
0
16
131
3
17
47
29
31
0
40
6
84
18
19
6
53
103
15
139
80
44
1
127
1
76
112
18
5
4
52
88
158
59
17
97
4
18
58
66
44
10
53
92
21
18
78
4
16
87
54
17
145
18
32
11
9
58
20
195
58
129
12
114
6
21
160
5
24
6
66
3
145
62
63
36
36
15
269
91
53
28
160
20
88
80
5
46
7
25
1
154
142
31
56
44
5
69
40
100
17
151
18
174
11
30
21
186
62
110
98
4
11
77
169
0
115
183
84
46
12
18
53
36
58
36
64
187
26
172
5
87
114
172
8
19
107
22
177
33
1
21
61
9
30
35
172
11
107
29
75
154
1
101
34
170
156
175
16
10
50
156
57
257
2
56
133
29
146
29
62
22
4
1
191
135
253
26
31
10
53
189
1
41
130
178
83
21
20
16
9
39
200
185
28
61
42
136
50
61
80
82
9
44
43
13
16
167
202
22
1
167
68
4
66
144
5
0
158
168
129
193
29
31
46
37
62
103
28
9
6
64
52
5
57
20
14
68
86
7
104
44
197
95
37
123
286
123
120
2
427
2
37
238
33
158
50
42
129
3
85
25
31
93
253
51
59
3
120
59
6
33
47
10
44
256
4
109
71
19
13
17
92
224
15
15
44
262
118
4
193
197
144
36
60
189
59
2
26
12
86
20
177
6
9
185
45
83
7
34
50
265
5
240
30
60
19
35
409
120
15
49
74
446
51
589
122
238
85
32
363
404
4
3
76
28
1
20
4
101
110
40
24
33
46
23
123
77
17
111
22
71
16
43
5
182
64
159
283
110
49
182
47
106
76
194
8
292
7
64
66
20
45
94
39
11
30
98
29
8
30
70
3
1
66
55
121
263
340
156
182
30
196
80
107
174
466
53
561
39
145
7
70
302
38
74
33
0
122
110
89
77
58
56
124
230
29
425
1
8
169
26
80
10
242
104
25
391
24
11
450
27
256
62
169
61
226
2
1
129
184
79
243
5
433
0
70
228
31
203
151
335
131
10
5
643
38
202
53
403
27
95
34
88
72
58
82
133
211
419
210
154
367
39
314
193
422
37
5
195
287
9
78
195
294
219
42
5
31
39
6
37
239
91
553
220
231
234
63
494
42
24
61
202
167
139
24
320
46
78
438
284
24
48
115
442
89
34
65
26
22
66
220
1
85
689
522
3
85
73
1
49
240
343
221
431
24
25
103
63
107
255
631
349
196
10
240
34
169
206
19
243
49
188
235
233
6
36
57
40
540
23
218
1
216
174
184
63
247
665
41
90
233
77
251
455
324
1
93
120
313
351
1
25
500
403
325
672
66
42
225
171
337
22
371
594
473
887
215
82
24
342
38
313
595
801
175
377
24
49
304
53
186
236
309
14
65
97
476
481
434
827
129
18
602
20
99
324
349
152
91
196
360
173
198
182
122
4
84
748
298
22
8
803
71
289
129
677
78
20
356
755
1100
318
252
916
301
18
1
8
310
903
38
758
24
588
23
429
65
2
51
229
509
18
344
161
26
220
802
750
787
719
288
490
79
34
1375
1306
626
763
5
0
26
1145
527
207
2
285
278
817
999
96
837
443
452
484
1294
360
927
1369
452
430
713
696
676
1010
118
67
155
123
41
1147
294
149
681
915
74
541
1217
900
2
200
173
242
674
40
969
981
131
1032
1001
1148
922
42
1098
1014
33
395
92
13
298
6
433
1717
1774
486
443
495
822
1329
1365
65
27
1913
549
1045
542
2402
2152
29
2336
1410
935
2170
1809
301
727
1425
1068
22
1997
878
379
2476
1873
2117
91
1237
269
323
179
646
30
241
2551
483
101
1900
340
676
45
2056
24
39
54
1088
598
91
518
2074
135
1178
96
1956
1263
338
754
126
866
127
56
1047
1563
1325
90
2651
745
9
1809
382
742
841
10
1118
211
121
212
1478
28
2054
722
751
69
2185
36
84
1918
472
1006
70
320
8
2554
97
812
85
139
1888
413
28
58
107
94
1791
971
575
58
1415
2458
2546
1502
153
