1
100
931639317 634084155 835840961 78902891 703047158 154127752 37687398 680691737 629714180 175854976 872655907 476302598 210127171 193501864 914622962 574024456 707600746 739702150 328533382 973023003 800979191 748822352 37401769 824844314 396353373 46273590 273341124 941864730 533843545 552682057 360930429 94220643 964450658 221490438 805891963 747215884 777779775 783339395 982824754 669461682 595024693 783976520 219169493 185610578 453885276 622891511 291497295 63977846 55400203 269614861 853935985 158265421 599441879 602558702 983885371 463467275 556597020 107204907 577500647 40456820 50275715 448025032 176839963 361180867 263099043 563279280 164200849 235909929 536056330 961481958 279939662 964575889 714798826 339894814 683779956 995509501 411247450 935516798 917198557 164259545 16443818 62588556 685069626 568459682 557613090 278015954 245466272 420157003 219373368 905520111 738877094 929250702 540561068 985730312 309415451 973598182 588020580 963546063 746376910 367021775 
10
1
2
3
4
5
6
7
8
9
10
11
12
13
14
15
16
17
18
19
20
21
22
23
24
25
26
27
28
29
30
31
32
33
34
35
36
37
38
39
40
41
42
43
44
45
46
47
48
49
50
51
52
53
54
55
56
57
58
59
60
61
62
63
64
65
66
67
68
69
70
71
72
73
74
75
76
77
78
79
80
81
82
83
84
85
86
87
88
89
90
91
92
93
94
95
96
97
98
99
100
