9
17
214
162
65
132
75
88
395
15
124
366
7
128
15
18
49
111
95
392
113
290
259
397
434
0
106
382
10
422
143
32
182
1
68
221
3
172
37
94
156
366
239
44
352
20
41
14
3
0
238
286
33
19
72
357
19
326
255
497
484
253
20
254
8
15
161
159
219
34
19
146
63
116
89
466
115
63
158
381
25
363
348
267
143
30
114
299
461
43
170
0
317
65
220
142
48
140
110
11
232
45
9
235
37
225
432
63
208
13
185
53
483
3
424
92
499
400
375
118
464
3
233
136
0
3
375
493
455
432
454
6
375
0
175
15
132
32
147
487
518
1
124
4
334
59
71
47
80
13
485
126
50
1
255
357
9
88
313
386
2
429
227
375
318
167
330
448
2
299
40
83
56
88
492
368
