108
91
53
29
20
237
24
86
84
56
45
45
31
70
27
30
103
36
35
330
25
40
11
32
8
35
18
34
8
56
29
6
63
15
160
0
40
9
119
20
32
133
126
58
44
132
155
22
24
37
46
79
10
69
74
7
51
34
55
2
149
90
39
300
25
15
5
6
8
3
86
15
21
2
11
50
75
15
20
9
30
11
7
19
30
14
7
4
47
6
11
335
53
24
137
6
1
74
34
13
56
18
67
18
94
125
89
64
27
55
64
49
4
58
9
66
1
2
10
30
104
109
90
214
41
10
41
9
41
133
11
25
216
16
70
18
2
278
110
93
15
52
34
119
92
81
141
83
57
75
23
37
81
98
10
25
167
70
156
146
167
25
232
7
12
130
2
36
12
30
57
95
22
37
44
14
8
22
42
153
126
113
9
23
92
17
105
48
45
18
14
43
117
4
49
144
161
19
34
27
44
88
22
47
128
96
69
129
20
3
15
142
110
12
31
24
12
89
19
5
17
73
41
143
10
100
24
25
23
3
7
51
32
28
73
51
137
16
15
20
140
214
8
109
28
13
51
105
25
97
39
27
11
144
211
120
96
93
54
68
4
129
97
19
78
15
30
57
10
4
73
1
18
11
38
12
62
19
0
13
59
34
344
24
38
85
10
91
106
276
1
1
188
4
37
20
56
12
38
3
26
2
54
257
2
23
95
11
139
57
40
45
33
26
7
36
1
42
6
91
247
26
2
49
37
71
45
37
121
27
12
37
130
5
210
13
79
169
76
47
14
20
2
15
32
125
9
200
56
29
14
5
3
20
17
356
3
70
37
2
42
4
32
4
10
50
36
92
39
212
26
8
49
6
42
112
9
74
6
84
8
13
0
42
39
70
17
25
17
22
34
47
68
20
66
158
32
15
16
73
127
268
22
15
9
52
24
33
24
8
3
82
16
13
18
9
60
14
10
208
56
90
13
111
18
146
43
51
34
13
34
81
61
218
0
1
59
30
4
130
10
25
159
9
56
62
56
8
237
22
41
2
45
18
54
44
16
38
13
19
86
182
25
80
1
103
54
61
83
334
10
180
184
26
40
74
3
78
28
5
83
26
5
71
15
120
33
65
83
159
17
4
43
8
178
125
2
118
94
131
37
190
109
0
0
124
32
33
29
64
14
254
54
7
64
1
50
6
35
29
5
42
2
27
6
15
30
44
140
171
18
3
34
29
20
12
46
128
100
21
31
61
82
7
11
36
238
28
58
41
75
41
21
59
12
106
150
46
32
19
1
58
125
37
1
106
29
52
47
34
30
1
102
55
4
23
14
55
120
6
2
50
88
9
6
52
4
11
42
262
15
17
7
14
18
47
113
52
0
153
11
60
10
117
128
101
3
14
50
5
17
14
40
6
7
43
23
46
13
97
34
82
97
144
40
0
12
101
27
130
26
205
66
24
88
21
62
128
15
260
132
57
124
135
290
32
273
76
32
6
29
28
52
10
6
129
95
13
30
223
40
143
52
7
23
15
39
47
13
111
312
275
30
14
13
91
4
56
2
168
19
77
130
4
56
7
3
214
50
72
30
101
31
179
17
27
46
15
24
5
26
7
25
203
3
173
27
4
2
91
24
55
52
11
25
35
109
50
58
32
67
92
35
7
3
2
88
21
79
39
2
125
58
55
39
29
3
77
77
131
46
7
23
17
13
209
22
25
211
69
2
7
50
22
41
17
55
147
126
324
83
24
103
118
68
61
14
13
9
36
43
93
40
122
6
163
74
27
349
2
101
173
17
1
26
93
94
18
48
83
10
6
11
94
86
56
32
37
25
45
15
310
74
68
10
3
50
58
38
2
34
19
36
37
33
18
8
16
188
62
50
6
20
45
7
5
13
34
59
32
1
27
20
19
66
43
10
22
167
37
1
4
50
0
19
41
66
70
73
11
61
6
107
24
36
44
47
16
138
37
104
29
75
15
18
86
13
15
96
70
111
71
10
22
11
117
157
21
9
27
1
78
32
50
47
141
168
34
73
7
213
27
85
47
31
47
73
264
237
122
2
239
16
54
83
35
8
50
34
290
84
146
32
17
77
50
50
50
23
10
6
48
76
3
41
5
19
100
29
66
28
58
35
124
38
5
68
12
43
60
60
1
65
36
50
29
27
82
356
9
3
96
98
10
44
190
44
22
150
16
128
65
9
8
97
15
98
149
82
44
68
84
9
8
23
79
2
70
40
64
81
68
341
9
46
18
25
42
4
13
17
25
63
46
12
215
88
50
48
10
309
87
183
3
169
34
1
53
171
7
7
26
145
114
99
26
132
179
59
62
80
113
143
31
103
162
153
21
114
127
111
35
96
285
8
2
47
187
18
23
29
180
35
45
98
8
151
66
37
11
264
59
112
171
26
151
71
28
24
54
13
147
1
91
93
9
31
19
36
307
42
74
24
109
27
83
221
11
130
48
5
217
87
95
18
8
25
40
37
41
25
25
118
196
58
105
87
25
41
58
64
29
48
193
6
42
4
6
33
35
50
43
10
35
40
2
44
56
10
45
5
60
12
1
57
22
77
46
3
17
13
32
124
266
1
26
22
10
17
93
7
306
50
85
223
188
181
22
34
1
14
31
5
42
43
60
1
1
54
107
13
89
97
80
132
128
25
99
83
5
10
35
86
149
19
27
6
63
1
221
7
11
67
80
32
48
15
9
10
91
186
52
8
16
94
11
1
56
29
140
60
33
8
44
57
37
19
23
21
152
46
42
8
3
71
90
39
10
118
135
15
63
24
192
26
3
26
105
186
217
20
105
18
7
21
41
17
58
7
6
38
210
32
40
28
165
53
35
146
21
64
57
2
58
32
49
41
19
7
56
3
84
19
136
94
59
10
50
255
39
27
21
23
180
111
5
15
176
85
31
73
43
151
102
29
33
27
86
47
1
197
128
53
33
34
2
3
2
39
11
112
5
161
118
4
107
3
3
139
163
90
51
129
27
18
73
5
3
14
58
131
73
207
8
87
131
64
63
130
9
157
132
53
72
77
16
90
326
74
79
115
108
26
148
48
81
28
94
34
68
95
42
158
89
34
35
5
7
145
143
114
2
24
147
185
18
48
151
22
26
81
8
90
73
57
86
125
103
44
75
37
20
7
66
109
41
76
9
42
43
59
1
12
9
6
150
7
184
41
27
98
40
8
13
235
21
8
7
101
58
149
28
63
76
10
19
7
93
8
74
99
10
12
43
7
125
60
122
31
156
46
245
186
127
47
196
73
41
31
18
10
162
16
84
3
49
130
5
118
177
18
140
54
36
64
98
26
103
4
48
209
7
9
12
24
2
4
253
0
72
81
76
68
15
75
16
16
55
23
13
69
91
10
66
41
47
138
16
39
10
27
16
34
109
4
14
2
9
152
101
0
1
221
6
11
5
15
133
201
12
6
3
185
124
96
12
105
43
56
62
166
194
129
7
42
88
21
39
88
16
16
166
105
6
76
53
147
35
3
136
26
54
15
154
10
3
55
47
229
65
108
34
59
129
29
10
12
23
44
9
31
167
13
52
31
92
60
27
174
30
140
253
1
69
107
66
266
150
180
4
11
35
21
15
5
1
13
72
17
138
40
157
93
26
27
27
96
1
180
1
61
104
53
7
33
31
87
58
17
110
134
31
39
102
140
2
22
123
2
19
18
355
73
177
12
1
93
132
17
0
212
43
17
89
32
220
27
28
206
74
92
79
57
245
64
32
130
37
100
12
54
58
143
7
8
96
0
64
309
11
5
2
26
70
6
34
1
238
158
18
33
10
21
43
93
15
32
53
111
8
125
250
26
69
80
13
66
32
52
7
271
3
3
23
161
159
43
138
37
30
173
205
103
53
23
34
167
90
20
56
178
210
44
51
44
15
82
75
32
51
14
38
38
1
4
4
12
125
27
1
27
45
57
52
136
272
75
23
42
110
25
20
88
190
1
62
70
69
2
35
53
6
83
136
12
1
5
154
122
147
174
30
279
35
2
189
2
54
3
118
145
47
51
1
7
29
31
28
132
25
65
133
2
42
72
54
94
36
184
25
130
322
152
113
55
27
179
6
28
26
21
16
156
177
218
12
97
70
66
4
348
11
7
14
95
54
78
193
27
66
10
78
66
3
11
82
31
31
42
19
14
81
49
86
0
51
21
45
84
237
69
69
206
14
131
111
7
92
23
52
76
109
200
10
15
108
6
61
132
286
2
32
21
17
11
222
87
7
80
50
354
4
59
53
46
220
7
151
122
42
265
10
114
245
201
34
110
46
86
56
133
28
128
26
24
23
40
28
91
257
63
90
105
52
218
6
84
71
155
160
43
146
76
52
125
37
132
59
60
15
22
26
106
99
15
169
1
13
59
15
44
5
128
12
3
28
13
37
22
165
30
98
18
47
58
104
163
161
65
13
20
263
123
337
128
30
64
8
51
84
33
4
3
116
4
23
41
212
46
127
69
122
51
80
167
108
136
13
74
130
28
60
0
73
99
3
53
66
331
24
13
34
28
20
224
108
38
75
12
180
178
158
179
194
79
142
45
80
11
229
32
158
128
114
52
261
133
117
84
3
19
40
75
113
17
4
41
32
58
155
2
65
82
133
3
116
21
140
34
149
6
86
197
42
42
92
15
37
101
129
35
57
2
55
24
61
27
6
7
165
9
40
8
31
39
148
22
1
105
76
46
104
42
111
295
181
43
149
14
21
171
57
35
22
163
28
205
57
20
74
137
79
249
122
203
26
50
57
88
56
58
52
6
62
6
5
168
10
19
28
250
13
106
190
69
8
34
123
7
11
23
156
57
110
94
300
49
55
7
151
39
166
5
1
93
62
30
5
18
47
41
28
66
4
117
124
39
70
64
36
8
43
132
287
139
107
94
13
69
188
92
37
55
25
175
65
351
8
58
26
118
10
4
14
54
164
35
40
184
159
12
20
198
330
31
340
11
38
58
61
110
11
98
9
48
112
158
3
61
55
230
2
80
37
165
9
64
89
58
99
110
11
30
17
139
34
27
29
11
172
226
86
39
21
185
134
116
1
88
116
92
119
10
23
16
12
58
40
105
151
21
62
10
233
411
21
168
15
38
192
11
4
48
22
32
52
10
38
17
20
34
13
14
7
7
68
0
106
68
80
72
10
61
45
100
221
77
129
34
20
354
148
94
14
50
151
127
54
85
46
13
41
1
24
121
0
221
31
2
80
207
22
28
30
38
171
126
4
50
97
388
117
96
50
28
22
2
66
46
67
112
80
45
121
43
6
20
77
90
55
24
22
10
58
194
131
118
77
18
13
31
149
11
127
82
27
449
19
177
107
103
194
8
104
40
10
7
120
49
14
71
105
51
107
29
46
21
71
70
144
18
200
29
171
104
5
71
121
65
81
45
120
29
213
1
41
113
140
24
77
175
45
193
252
12
13
245
93
131
14
17
102
191
19
27
161
215
11
10
2
135
10
46
38
31
13
117
73
18
48
154
6
39
11
12
20
55
41
69
6
263
34
261
31
11
15
1
17
117
54
302
109
145
1
27
214
15
51
4
48
4
2
69
95
46
22
19
105
426
85
18
27
19
11
9
1
224
125
160
17
231
20
24
106
101
3
18
185
62
34
29
16
5
21
50
6
93
212
21
85
22
22
151
11
129
22
28
6
16
196
51
101
76
154
102
207
20
123
31
2
10
22
37
34
48
55
35
36
15
6
90
63
49
6
28
4
49
145
35
0
165
0
0
103
12
77
85
133
113
17
56
93
29
37
10
120
145
71
62
49
194
133
7
62
18
36
80
113
8
44
91
97
26
373
21
45
285
7
63
59
8
196
147
318
98
248
140
10
142
65
90
30
99
22
26
52
197
65
5
112
28
65
75
49
22
29
55
4
11
16
99
5
28
43
7
9
127
254
29
80
14
90
113
37
0
74
48
34
98
270
14
59
63
0
10
18
375
249
114
101
29
167
79
224
199
6
58
62
7
20
7
10
278
244
197
133
5
33
53
1
184
217
63
1
11
17
372
0
33
2
290
17
81
340
4
0
23
104
97
49
18
212
4
9
17
4
132
11
268
128
407
12
410
27
55
174
399
46
22
26
40
2
20
25
38
32
18
23
26
52
13
26
116
65
95
109
67
150
45
111
437
47
3
68
45
26
44
69
97
40
11
29
233
25
1
202
156
60
57
87
49
24
90
231
19
213
69
83
306
52
1
42
19
39
164
15
18
87
46
25
206
16
47
62
32
8
8
187
35
35
12
17
114
91
55
302
417
159
117
58
182
83
129
69
17
101
94
18
63
270
36
15
6
13
4
180
10
62
31
16
191
108
66
88
3
136
78
156
100
63
100
63
69
13
29
4
118
44
28
12
41
43
18
4
34
4
17
3
1
108
146
40
41
147
12
1
60
82
26
95
49
104
12
38
11
2
189
302
171
165
101
277
115
1
46
16
81
251
154
165
115
9
70
46
35
148
5
25
98
199
1
105
13
55
213
60
204
13
171
361
55
18
65
18
36
36
151
9
402
32
8
1
1
92
138
47
11
4
177
28
61
89
111
203
11
91
11
25
17
213
106
9
21
18
10
159
0
14
93
31
17
164
18
191
40
111
351
29
13
31
20
26
4
12
14
7
219
138
412
43
47
28
3
61
41
1
138
6
61
29
193
15
9
92
26
4
9
34
51
6
176
162
110
5
20
45
142
45
37
62
250
158
13
141
28
12
131
38
17
198
66
81
13
1
11
45
55
5
36
61
28
105
33
99
31
44
98
16
166
3
5
125
93
170
134
109
70
33
300
98
392
33
11
86
23
159
84
3
27
42
183
24
42
100
124
123
4
214
69
11
92
35
37
17
265
411
62
224
44
86
29
8
10
71
36
77
55
4
44
19
36
132
2
29
114
26
337
16
73
99
51
325
144
190
255
11
97
146
15
22
72
140
55
68
270
445
45
21
271
93
111
100
23
0
6
42
172
252
10
18
40
17
91
24
56
118
53
35
48
64
16
94
402
46
63
32
30
19
32
6
47
17
55
111
28
439
124
70
238
25
39
108
110
30
7
38
220
60
68
6
68
29
24
80
29
74
35
10
45
149
25
63
243
50
120
116
177
112
101
9
6
30
40
205
369
317
35
11
33
10
20
80
0
87
147
56
71
334
195
11
52
162
5
50
360
14
107
86
128
135
12
0
5
0
73
68
106
54
22
310
45
43
45
116
39
416
16
81
24
190
333
2
88
113
448
24
16
3
15
36
4
108
46
269
44
37
181
80
21
234
129
38
34
8
34
99
31
172
252
165
181
254
48
139
218
345
36
9
50
2
19
114
2
235
35
17
5
36
52
6
123
267
146
277
134
7
212
77
46
46
3
48
46
166
100
380
6
83
242
2
5
83
13
420
18
397
32
26
93
102
132
20
24
6
8
22
13
10
7
57
76
40
129
185
39
10
49
140
16
94
342
24
25
7
28
1
1
22
1
66
7
158
92
60
144
112
113
40
107
51
81
196
13
141
240
307
56
86
19
29
0
119
40
6
153
189
125
234
8
16
275
45
8
104
76
10
108
29
48
41
100
29
90
73
64
229
1
15
119
68
205
28
13
305
204
80
14
19
30
32
17
91
44
8
64
148
45
213
88
144
59
363
427
38
417
25
1
54
85
4
175
144
57
11
55
32
187
33
12
76
183
5
338
65
110
77
25
61
196
172
59
4
46
33
21
53
63
111
180
186
7
40
324
29
69
54
67
135
300
6
120
39
165
7
388
201
2
337
130
342
56
2
65
14
117
9
66
2
115
154
14
1
78
61
182
58
14
70
46
62
245
129
27
162
19
279
13
36
227
128
33
24
65
42
70
9
88
35
65
55
70
217
55
4
17
136
17
38
91
12
8
44
236
10
200
7
101
59
13
24
122
48
162
5
227
298
141
345
28
373
29
50
266
9
94
11
55
43
371
91
268
65
19
2
40
8
58
70
117
17
55
3
150
72
59
38
17
23
108
9
108
3
51
20
180
21
208
120
17
268
2
219
72
167
258
178
4
34
87
271
155
383
106
14
14
101
183
233
21
116
67
208
17
6
72
264
242
42
313
69
41
120
252
227
95
116
14
196
153
291
8
20
44
8
44
44
20
97
319
129
16
258
9
58
17
68
108
126
74
358
243
19
35
3
11
2
52
26
118
122
57
11
138
326
21
43
7
162
133
58
38
112
61
307
170
169
9
154
185
112
135
34
41
354
12
12
77
153
244
44
23
52
8
70
172
52
112
41
34
113
15
185
113
24
208
295
118
55
187
91
185
38
362
28
15
46
2
1
51
50
6
134
42
27
127
63
3
121
153
98
405
286
14
33
12
89
38
88
57
14
100
58
44
22
439
61
51
101
177
88
19
31
71
96
353
34
14
362
13
190
80
52
111
262
138
346
258
137
86
177
65
157
54
173
1
25
94
363
86
121
16
100
172
293
39
172
53
72
97
41
67
375
311
9
12
395
301
122
73
20
40
91
437
51
42
167
38
154
9
15
84
348
2
5
25
147
78
153
124
2
57
11
89
87
25
226
65
212
161
31
246
10
5
8
208
65
356
86
2
149
2
242
35
51
20
168
51
61
48
284
1
22
155
36
378
160
116
147
5
13
309
5
36
19
53
181
35
80
93
2
139
91
142
17
7
33
37
8
54
434
96
225
98
413
55
16
6
372
23
81
82
173
73
264
165
229
111
102
31
35
53
13
159
34
197
3
3
78
24
15
160
405
169
230
15
334
49
52
106
49
92
123
12
29
347
17
3
23
21
103
186
49
1
25
0
22
37
2
256
291
88
63
250
8
139
18
167
70
12
91
4
279
318
25
16
30
147
100
24
23
625
350
59
70
10
225
10
40
122
358
25
3
1
72
87
81
9
79
67
13
325
83
88
14
89
411
44
40
99
62
427
125
115
180
557
394
14
421
159
21
4
43
138
69
203
183
306
92
7
20
12
52
31
11
21
70
47
120
22
325
5
50
6
23
452
7
353
371
283
9
18
555
585
164
338
102
96
3
281
148
122
204
234
146
470
0
129
518
47
161
234
155
142
104
147
76
3
315
45
187
103
23
47
81
123
180
75
28
154
30
134
23
70
17
518
26
38
68
100
76
197
497
140
90
14
21
160
31
36
21
387
31
13
59
37
5
314
47
33
156
110
186
52
37
151
325
83
311
12
10
208
13
430
1
11
90
205
26
207
29
134
432
57
281
496
175
8
97
0
188
572
38
320
86
165
16
582
26
242
77
32
49
51
38
292
19
16
168
21
136
30
8
385
89
258
343
18
590
109
109
7
112
3
326
19
59
17
100
206
40
29
235
14
217
41
122
66
246
103
236
17
7
52
170
1
230
237
20
68
341
97
16
387
519
110
219
115
140
24
5
69
218
55
207
25
90
248
14
342
138
150
38
117
1
442
159
292
351
9
35
73
230
11
158
424
173
326
368
238
92
245
12
17
93
446
333
75
49
438
232
57
17
131
51
8
68
233
97
390
425
142
40
91
11
21
36
188
109
53
108
24
41
31
10
230
1
39
16
466
22
69
492
557
166
139
586
58
29
44
14
53
280
219
1
59
7
6
408
121
83
43
233
36
0
373
265
549
120
7
125
5
284
74
154
246
33
635
22
544
27
462
384
1
216
105
11
0
61
105
325
54
28
25
107
5
255
129
421
23
606
10
423
491
35
231
639
287
259
432
18
58
178
12
206
71
68
248
381
96
27
44
174
31
361
37
62
109
1
258
35
11
27
56
10
401
292
203
174
12
24
11
281
336
621
97
486
3
316
211
123
28
331
70
33
409
129
587
453
534
44
41
16
199
117
18
318
365
260
6
371
14
22
34
56
599
24
223
240
111
6
391
101
134
71
98
116
116
111
47
218
119
306
411
468
586
3
14
39
33
339
135
298
1
20
79
25
9
22
66
0
49
88
16
12
129
146
1
189
162
244
329
158
296
207
12
391
272
78
42
24
16
203
17
121
75
25
76
30
140
45
383
59
54
221
93
30
141
121
112
5
9
647
144
23
57
169
51
471
21
267
87
54
70
2
22
588
269
523
129
207
1
117
493
39
22
29
212
246
455
247
274
611
121
617
83
94
7
204
377
180
40
8
40
35
48
158
376
120
200
240
206
9
59
138
20
225
76
444
402
123
33
236
394
564
11
11
116
24
105
0
16
214
10
58
142
306
186
193
16
72
161
174
130
251
28
34
155
9
187
42
62
107
3
92
11
45
182
26
529
73
3
7
83
53
39
111
430
39
110
37
63
323
92
150
161
275
347
94
30
103
219
209
209
336
209
383
48
729
69
15
262
168
84
19
80
203
126
555
645
203
53
79
144
172
81
28
122
98
145
41
71
406
12
54
134
503
615
56
343
153
12
164
95
66
18
41
466
10
24
0
2
137
53
41
279
142
23
25
740
302
97
222
329
59
18
20
175
181
13
26
9
643
55
613
80
57
116
28
624
24
8
112
1
213
357
284
9
251
272
207
51
136
239
289
84
33
32
19
168
209
548
155
57
154
8
59
363
156
278
26
83
463
30
36
157
347
34
17
46
122
321
34
233
16
605
141
220
287
4
61
156
25
437
11
472
147
48
158
23
22
73
23
111
0
43
349
10
664
340
16
68
206
273
2
301
171
7
436
6
507
35
2
48
27
648
2
196
43
472
58
35
114
85
70
201
40
26
80
60
488
38
678
33
59
331
201
4
744
17
97
48
218
17
31
5
75
40
37
22
255
306
12
131
336
47
93
49
610
26
94
206
29
553
89
36
341
180
8
36
125
0
15
31
20
85
47
137
74
200
47
37
82
42
257
53
441
84
6
735
32
29
1
48
332
2
237
172
604
431
8
50
14
73
103
239
9
199
537
136
8
2
70
55
24
62
163
542
106
370
115
110
220
165
735
54
20
156
483
56
13
54
153
102
196
16
23
7
159
0
100
370
142
270
103
122
30
7
26
550
470
6
29
39
21
338
278
36
583
217
11
80
70
265
244
79
5
38
363
110
228
50
82
14
11
312
26
39
706
610
301
323
138
549
183
168
229
46
10
435
186
21
64
357
30
11
354
55
17
2
192
396
255
171
371
553
10
52
60
151
700
103
443
610
679
99
112
416
57
124
5
77
34
54
10
160
553
15
16
45
644
224
565
18
16
244
40
406
411
369
203
463
113
158
255
26
61
313
45
70
1
40
152
26
15
13
46
11
38
151
367
513
134
33
55
187
59
26
174
21
101
12
66
367
195
26
2
186
603
400
88
128
106
323
17
64
184
136
115
225
65
337
399
675
591
314
4
115
115
587
109
27
165
388
228
6
289
573
229
117
4
540
273
188
19
120
692
111
312
433
430
124
68
148
6
270
168
55
279
9
262
6
215
191
293
325
90
102
339
197
115
19
54
16
29
2
532
636
125
197
23
319
134
6
60
230
165
10
29
77
1
93
114
462
48
121
439
26
245
701
46
70
60
31
331
455
34
270
18
254
77
22
686
5
70
128
252
4
343
174
172
425
256
2
105
37
73
12
21
77
484
232
24
163
15
50
32
79
201
346
275
484
13
107
12
634
17
193
761
225
72
29
147
180
18
618
396
42
429
34
23
136
322
672
32
76
329
3
698
333
497
283
103
0
565
613
135
25
54
179
34
845
56
34
294
55
37
117
128
67
10
144
322
44
92
881
18
55
65
402
651
36
77
78
364
80
90
332
143
704
84
162
25
319
199
16
145
4
109
552
574
105
665
709
131
319
126
187
107
38
70
411
17
263
116
328
534
807
4
692
322
117
60
153
136
26
2
92
579
525
227
605
117
24
47
394
634
222
258
164
114
8
1
167
664
4
365
889
259
8
185
890
91
203
689
127
27
19
512
87
44
43
55
5
88
13
220
461
461
97
52
2
334
766
61
42
74
201
320
222
85
124
90
4
208
509
428
452
63
488
373
103
590
61
118
27
11
137
226
67
4
447
77
2
41
565
598
414
130
168
429
167
488
135
287
358
163
51
20
15
44
106
16
143
320
12
101
20
368
488
86
183
227
43
199
143
86
173
189
103
172
693
46
198
742
201
702
206
769
157
777
16
149
122
600
198
77
15
570
3
135
160
5
13
24
29
7
559
77
445
418
65
494
130
209
252
11
301
456
415
695
90
879
562
32
229
180
698
680
20
734
15
52
82
207
345
250
685
669
68
490
262
74
129
36
487
78
8
7
61
327
25
17
38
733
544
54
8
21
13
291
2
182
132
49
329
64
60
77
105
37
174
216
6
134
181
153
163
38
232
143
278
312
190
332
114
71
215
36
137
401
93
10
416
192
53
265
97
153
395
184
26
344
484
272
246
242
97
254
173
459
59
51
662
45
19
4
797
3
38
111
12
782
2
682
25
45
337
16
16
11
370
314
305
55
118
255
25
88
791
52
72
96
334
639
5
434
202
10
163
21
36
12
886
147
93
2
224
760
48
11
135
75
105
231
389
194
159
128
43
317
64
7
113
63
169
17
26
724
642
159
382
461
745
67
451
86
75
873
214
407
201
171
64
29
102
318
13
7
463
474
94
13
76
16
54
118
202
679
116
87
16
126
15
6
106
30
852
4
38
39
408
2
487
447
525
26
8
130
101
12
70
503
167
43
166
203
106
331
28
19
549
573
221
2
426
366
663
405
273
12
87
15
527
454
795
94
504
103
8
28
592
554
13
41
116
22
635
6
321
69
414
211
436
157
204
702
249
771
246
628
119
103
752
22
138
436
213
166
214
757
9
28
13
353
469
860
232
384
261
46
159
112
679
188
422
55
75
39
174
294
35
22
265
159
94
354
89
25
122
12
45
214
45
159
34
154
594
29
81
120
5
118
249
489
623
210
122
45
584
6
540
12
739
622
21
801
120
338
667
9
210
254
120
499
39
116
129
45
415
81
323
66
343
26
33
42
101
16
790
18
82
405
24
330
260
54
90
649
87
583
25
39
12
435
10
44
570
68
138
135
174
190
54
387
8
48
625
111
673
234
245
865
337
132
21
45
165
34
40
230
62
91
59
162
160
24
244
199
35
122
518
8
151
14
145
0
31
55
165
336
512
359
412
538
238
17
212
584
9
276
252
792
101
50
5
211
15
123
581
6
229
732
220
156
3
84
120
309
168
366
229
107
79
453
422
80
16
614
33
643
83
33
298
853
161
36
26
125
109
70
284
117
43
85
714
375
77
310
31
512
87
150
75
115
133
39
89
104
157
181
111
289
228
33
63
26
440
160
269
19
129
67
80
3
83
78
146
803
420
388
580
11
465
167
668
76
65
2
296
113
155
447
31
353
13
207
455
43
359
569
320
156
636
315
523
265
583
292
788
25
10
133
246
38
47
357
355
140
13
762
336
507
213
89
274
343
222
158
266
353
43
92
32
14
68
37
84
313
315
104
93
36
475
62
178
466
88
246
58
336
212
233
145
24
217
114
461
459
872
5
26
115
21
382
475
451
513
290
200
638
21
115
3
51
468
490
142
518
74
234
240
162
80
229
307
3
36
79
466
216
115
675
23
118
77
255
98
352
114
259
35
887
92
54
311
425
1
338
27
495
16
260
231
0
555
310
907
630
169
86
6
416
879
447
304
11
391
19
205
35
8
18
860
363
207
110
143
74
450
15
30
672
49
217
132
33
758
71
50
100
264
248
553
164
192
532
182
146
206
831
86
90
127
827
205
514
244
160
117
175
77
5
635
250
239
76
97
87
191
99
224
199
157
239
67
23
266
136
758
29
213
43
562
348
231
107
108
769
25
425
140
242
61
225
809
60
447
74
356
34
739
26
563
471
64
233
11
128
23
72
357
173
59
241
782
931
409
40
183
214
17
0
622
121
610
231
633
48
20
253
62
150
122
579
365
740
22
285
58
781
122
304
19
20
506
687
149
465
401
186
621
83
679
41
571
185
609
3
792
24
417
46
706
844
793
908
103
678
706
83
46
221
78
402
262
498
1
84
435
174
79
547
611
10
2
542
18
706
826
56
351
102
72
440
702
143
487
3
22
108
39
689
183
368
917
203
569
19
415
12
660
249
11
103
257
842
646
195
967
31
639
192
515
140
44
147
74
31
148
89
34
189
19
16
355
47
568
212
466
122
0
0
261
677
807
283
638
539
1079
402
150
638
168
11
264
37
15
23
74
148
581
71
16
234
958
535
27
44
1
132
415
243
11
51
2
102
136
36
333
667
7
222
995
666
255
20
117
30
712
775
201
26
226
31
30
261
744
111
749
323
221
30
198
18
529
288
490
23
16
40
30
681
659
99
25
59
198
477
90
947
739
6
23
500
867
323
44
62
440
832
42
596
306
323
670
52
62
693
109
27
932
1002
10
226
499
54
591
867
176
865
36
101
619
89
510
328
28
3
54
156
2
772
546
88
441
62
751
450
118
880
782
66
13
131
50
78
163
284
742
124
296
44
14
146
27
978
644
8
171
329
755
893
231
199
7
67
20
587
160
1047
1059
162
318
99
185
218
479
50
103
79
18
53
237
836
9
105
82
155
125
5
789
4
434
322
118
410
247
20
281
430
13
175
749
114
80
257
66
84
94
984
125
482
125
984
243
12
230
892
17
165
69
129
7
1026
467
773
25
242
37
335
376
108
548
350
308
27
957
245
858
49
7
1124
14
49
436
730
93
12
89
1012
446
172
713
872
530
44
18
58
1033
9
21
760
97
570
853
188
834
1055
237
966
267
242
584
239
5
22
48
450
260
109
29
17
685
843
23
624
1091
140
72
77
251
75
670
10
67
842
239
7
51
756
198
1069
124
72
33
989
525
155
23
272
13
230
65
416
674
57
5
880
18
721
200
31
87
17
1092
125
256
4
199
53
1074
252
201
153
206
28
113
224
164
257
905
40
79
240
4
53
179
7
137
2
222
29
472
405
23
281
179
6
171
505
158
66
1053
478
1119
210
28
6
699
533
48
495
230
368
28
27
768
1057
425
49
615
695
19
165
72
30
210
236
823
134
1129
127
878
541
888
274
461
267
747
500
225
121
610
941
553
431
33
85
2
4
309
106
40
639
123
119
107
4
41
53
722
246
159
217
17
174
5
907
58
361
584
646
252
1091
401
252
639
17
19
111
824
336
579
360
338
96
84
7
129
32
136
131
80
424
429
76
367
284
624
620
10
1071
77
1
162
358
44
396
998
198
106
59
3
76
603
83
571
26
480
454
10
48
329
4
500
604
1189
213
1039
215
202
69
623
26
688
332
65
831
277
475
372
19
492
188
4
239
42
601
30
85
125
293
787
1092
212
687
783
31
62
510
326
317
336
128
7
34
290
39
186
50
32
23
4
27
105
29
1075
522
130
105
589
295
42
293
925
672
6
46
65
118
904
203
240
105
971
43
302
280
732
607
568
1027
8
155
251
100
947
1047
531
709
1028
1081
372
149
761
362
26
86
667
1023
5
2
3
56
280
72
455
391
376
333
370
649
603
48
59
67
487
556
527
102
87
10
217
117
545
381
202
679
835
5
782
243
193
59
733
122
379
0
7
1121
895
6
201
391
260
158
65
3
216
602
606
19
1075
1030
112
808
5
754
711
1053
385
468
529
338
388
32
126
810
5
329
238
89
197
1126
4
196
77
20
687
905
290
889
90
876
442
10
85
962
390
393
24
77
29
864
11
24
163
239
529
195
748
597
626
17
242
486
187
897
138
461
251
642
125
668
931
500
472
262
221
11
443
624
19
221
857
191
528
39
1118
7
117
76
877
923
70
21
933
155
64
274
98
60
108
144
244
190
982
4
457
347
122
249
15
63
5
60
98
831
749
360
64
451
11
54
189
56
412
316
95
928
704
1090
74
158
689
56
976
10
13
237
378
78
37
437
101
4
650
14
51
640
423
612
230
1174
404
170
784
7
1047
146
71
359
1085
9
775
95
201
90
124
28
165
356
1082
174
1086
6
72
5
5
227
266
123
87
472
1002
536
57
229
56
781
7
32
62
58
925
1022
430
145
185
35
2
28
159
143
60
1046
985
976
113
450
219
161
119
285
207
345
20
831
45
23
74
217
573
12
271
274
185
415
212
156
89
771
39
759
834
54
250
926
397
862
871
68
82
20
208
139
194
105
694
21
15
30
195
53
11
209
99
67
594
182
93
46
679
2
521
1095
255
12
137
97
35
29
195
524
513
841
242
433
519
13
250
201
554
193
22
458
720
22
837
35
492
189
853
29
76
31
16
1077
366
9
206
984
298
45
130
1
998
172
153
883
159
596
153
5
262
3
678
53
893
383
416
1159
58
303
210
389
718
126
516
233
699
246
283
357
327
450
532
96
2
397
15
656
785
556
607
547
980
348
579
4
751
329
742
79
792
172
22
478
310
2
5
770
394
121
1
699
146
431
655
246
214
401
3
742
998
54
284
500
94
905
6
946
5
10
167
72
1002
10
618
485
831
967
235
1088
655
801
771
225
292
667
91
77
14
614
59
88
76
148
152
1035
594
289
406
162
914
78
259
330
1137
907
779
321
36
0
21
14
211
822
45
209
240
475
26
221
115
176
6
48
722
770
963
307
873
1092
1
53
430
140
233
594
127
443
577
23
584
383
944
742
557
1108
102
1006
548
401
303
1057
33
211
72
1119
23
57
472
139
214
373
832
42
47
25
338
1179
511
652
266
542
96
992
1114
118
670
70
70
732
125
517
23
619
522
638
114
233
303
922
251
36
103
79
40
670
857
548
662
9
427
676
14
35
678
997
713
857
355
564
16
31
868
474
160
77
61
903
221
416
13
8
810
145
45
266
887
20
339
1160
472
1004
1195
626
375
276
1004
54
1480
601
155
241
14
915
138
16
1
3
101
20
583
479
1374
1038
1190
1272
1613
160
742
1516
968
495
1125
914
312
281
1425
1788
1046
108
243
43
1210
182
1102
1150
1506
12
128
1063
1
17
907
140
26
84
1688
693
429
677
1910
350
621
17
251
55
273
1359
1722
563
90
136
13
27
1176
723
0
1597
1616
188
83
16
50
847
1799
64
1742
1107
1160
489
629
830
24
111
71
51
190
27
64
651
245
133
186
207
680
26
253
161
165
1308
136
12
20
145
89
106
209
164
207
1748
95
77
990
71
203
887
127
1142
372
1699
528
571
851
140
59
2
619
497
127
256
48
908
91
156
1965
76
131
1700
363
906
1023
486
6
249
1586
184
1479
844
613
1955
686
62
293
1097
32
1100
261
193
1982
170
90
1076
253
1105
142
19
1696
830
915
1855
4
353
1704
109
772
45
27
229
321
150
641
113
1723
478
1654
46
1775
20
237
166
65
702
46
126
142
1806
869
921
202
1
34
249
1230
661
1404
1083
969
212
40
1877
591
1202
523
1832
1087
540
3
1810
42
1058
182
389
1850
1368
821
1685
288
966
37
1212
528
1187
1874
1183
1347
1165
194
1980
7
388
1627
1639
940
1108
3
1643
570
427
158
968
366
557
92
71
597
1310
1065
1269
810
4
25
831
1025
248
147
129
1950
6
769
451
315
1006
1095
1
10
294
22
680
165
1402
149
757
255
1732
765
1918
487
45
194
98
1636
90
345
110
612
1912
777
617
49
1645
207
591
308
10
220
928
6
763
302
717
1088
25
1010
9
564
91
277
127
1151
16
200
92
634
199
1115
1314
463
79
1878
96
531
632
636
110
1571
43
16
1660
1052
187
62
933
862
155
97
138
1385
939
289
583
30
5
42
156
1017
24
1106
1676
1473
5
308
669
1479
147
57
161
995
142
1466
108
1004
33
202
114
1946
201
14
588
857
552
28
686
345
40
692
1901
1514
248
988
870
286
794
1486
45
50
1166
1524
444
1501
7
1099
464
85
257
1936
1799
12
251
139
27
608
497
25
788
444
42
56
721
167
406
37
555
1106
258
497
246
517
738
1220
12
35
1319
175
459
1655
166
843
1483
1112
1509
125
7
1517
1099
223
1216
1334
1
1480
1351
336
941
400
237
584
730
31
28
1626
70
1041
1077
1060
892
329
65
224
175
248
321
988
521
42
197
1257
879
826
173
11
1091
652
1544
174
489
223
66
500
297
188
607
1076
66
499
193
1067
404
36
797
688
210
946
233
2
187
911
1607
1253
524
200
444
387
1667
250
14
85
3
11
750
923
1617
204
6
1829
17
184
16
463
2
739
1015
14
360
1148
133
68
46
1282
203
89
1691
888
109
187
683
119
393
1007
105
241
1896
178
230
303
365
1350
19
1861
1121
1522
1310
1005
360
1264
1684
520
946
1873
1814
1
34
1122
619
144
969
381
65
870
91
1030
1067
1883
769
985
3
1169
261
82
112
203
1362
497
1711
293
63
235
458
1237
1243
847
121
59
460
759
16
12
1476
100
434
101
583
262
334
16
118
875
505
781
931
481
246
228
20
578
218
194
628
300
866
511
575
52
1165
294
1322
1221
1160
1042
50
537
23
1678
1589
1690
2
511
705
544
879
804
608
926
1650
618
56
571
336
7
205
948
12
213
18
198
240
482
40
168
12
203
80
895
1072
528
179
1514
565
105
1503
224
851
16
101
1496
118
1796
1561
266
1890
1311
113
206
1957
1152
993
121
730
1052
332
237
158
216
690
756
140
1378
108
1960
1622
2
508
1392
1861
696
204
1955
1099
1592
1371
1144
1524
62
1839
689
747
461
189
1298
1041
1040
1738
567
85
1414
1205
1278
432
75
507
61
224
56
796
639
1334
193
408
27
1131
1316
443
283
238
310
23
1899
556
592
487
1099
584
659
244
118
1729
848
626
1120
76
1889
32
954
704
1084
691
365
123
591
811
148
1153
1690
171
1282
513
1227
205
224
362
103
916
10
38
1588
1377
1177
197
1399
284
743
173
66
1708
162
594
868
147
190
64
1924
31
425
1126
16
231
1313
1734
725
158
459
941
72
185
31
1513
1623
906
46
4
1065
507
209
439
301
804
1138
184
36
1223
260
1217
1496
308
220
1233
71
1758
1193
1472
69
230
1349
545
131
1001
1000
382
138
908
115
515
250
1951
327
133
181
122
763
35
20
64
1011
842
726
142
1173
141
1525
1859
63
233
980
58
1145
405
33
68
672
241
291
1435
202
120
1747
275
231
57
1843
366
221
1580
1009
1174
290
30
64
478
121
53
65
1773
1130
567
69
130
1847
1114
470
658
456
15
176
311
684
1970
1546
533
2
68
449
115
638
79
54
1285
60
812
31
70
32
139
472
130
1653
866
578
71
306
1300
824
98
12
274
1039
1085
290
88
325
1930
1967
222
634
1973
948
225
600
510
279
150
203
1108
124
1978
1550
160
1233
1988
26
103
987
459
1202
1383
573
1243
927
323
1858
799
138
198
758
566
261
377
2
561
408
115
58
87
125
725
540
1547
227
26
130
349
283
118
709
33
263
527
240
14
1737
436
182
143
1644
643
84
16
591
366
92
23
1276
1331
467
1967
405
63
1401
1596
14
1498
409
1180
12
145
63
140
1048
119
1430
1025
1045
50
675
126
501
52
258
660
1080
944
1388
25
216
80
780
348
196
257
1124
3
682
225
24
1219
140
199
269
1035
68
712
570
987
52
1193
18
296
48
49
740
317
46
77
512
583
457
304
104
29
1844
33
316
91
270
364
1601
16
77
475
1422
432
68
931
1062
1028
1108
35
1705
221
1180
87
170
761
55
98
374
70
65
744
129
172
65
324
743
27
219
551
58
1315
38
292
625
93
11
39
1355
132
39
13
1208
1953
687
259
176
1262
8
1294
891
1546
732
12
1745
121
332
159
644
245
200
360
447
903
237
14
1370
134
46
56
861
1881
280
1195
530
488
372
155
599
128
28
210
984
43
728
281
85
1241
422
1130
526
1239
64
6
574
314
154
88
1072
262
549
577
980
52
1261
1827
302
1173
175
338
20
236
396
91
1631
222
81
347
6
52
187
1051
203
1442
408
2061
31
6
171
127
1484
1369
11
258
16
482
22
835
90
848
1983
403
1451
675
201
964
1874
898
901
1646
1112
1389
1838
328
1368
552
626
515
34
334
354
112
995
140
126
767
614
735
137
1012
535
1102
1285
422
762
257
1337
1544
79
783
260
135
5
77
273
16
1327
125
54
418
5
1260
847
56
504
81
1592
1291
1211
94
735
281
1244
23
566
1242
1504
130
79
1316
2077
33
381
869
1053
7
147
159
391
334
1467
31
1673
1013
55
115
1627
1171
825
168
214
886
91
187
898
116
189
134
984
1354
125
1184
1987
1114
98
897
1297
814
1002
216
294
330
966
1346
160
224
53
540
235
1499
1871
1485
401
184
371
172
219
1259
811
104
535
1165
168
612
15
129
246
107
1968
203
1123
1155
345
1138
155
896
347
2024
11
1314
28
300
202
259
1348
1762
1241
259
152
510
581
1353
419
448
10
1573
1775
1606
2045
19
535
1313
1961
127
2243
659
1056
10
718
690
1803
1694
754
1378
921
1246
1821
1211
2101
2176
267
4
26
34
1339
347
1689
1191
1280
820
173
12
603
2127
300
151
1409
79
1096
1255
19
451
1277
945
195
443
156
1272
1802
69
1285
1156
1014
547
142
320
138
1559
734
264
253
2143
491
130
382
1022
1381
764
1646
24
1215
126
871
55
973
332
26
461
368
1123
119
1442
1137
474
1263
544
1147
735
176
1726
2045
1296
105
124
56
128
39
1911
15
2099
246
247
267
117
90
435
498
1345
650
1112
370
205
1709
1945
371
1807
238
1397
238
27
63
172
27
20
1070
673
275
75
2211
1108
234
3
64
287
530
1600
303
22
426
1324
316
922
962
1386
1925
1224
875
260
1105
16
1333
666
766
29
753
203
1142
1510
319
1259
89
1938
1296
227
571
15
16
1579
56
749
1352
113
1356
1016
1030
34
2227
1748
1237
2178
189
579
53
1520
424
1151
175
237
1526
962
9
2226
2245
1735
2071
26
1468
1092
1964
258
1365
1255
40
1226
702
1156
560
1955
426
341
414
144
1387
865
2109
813
1982
177
1439
429
310
340
363
172
892
169
1135
3
296
1478
624
593
1538
722
126
8
244
703
1509
1882
870
228
236
1061
27
1342
524
1043
1514
1425
726
1172
1932
1260
2236
696
26
1152
1482
2078
416
769
433
1252
172
329
12
1887
151
2029
805
147
1043
722
166
32
75
239
357
898
4
1355
45
69
425
1599
1429
3616
1400
3601
2566
1728
139
2033
3827
2768
3526
60
3461
480
128
963
1446
445
1285
2985
21
357
477
860
306
336
20
42
215
693
643
984
2099
1227
2879
145
3396
151
3601
537
1184
809
1895
2014
1871
15
330
456
2522
328
2064
1696
322
1535
2153
661
1018
424
2039
705
1861
1135
582
223
2664
257
1074
338
481
607
1401
3542
47
1140
46
2111
1646
1254
1955
1700
220
80
3323
205
333
13
774
123
767
1817
3730
3045
487
115
1261
889
317
1128
1626
2111
2661
409
2108
569
86
173
1219
850
1511
411
1746
2739
52
972
71
3401
143
1799
3006
171
1153
184
1913
1109
35
1529
870
1656
1767
1403
1877
163
811
1491
3274
1458
1742
389
1412
1601
2748
2300
1005
1833
1917
435
87
1985
2705
159
2262
2223
645
718
948
1629
1781
1043
422
1407
3547
1541
179
1031
645
3378
1103
2008
2085
2234
110
2020
4
3368
14
1709
37
158
2743
936
1454
3630
1443
2226
1771
1633
1648
2224
281
1224
575
145
160
1424
212
2754
2168
48
69
34
171
689
2237
455
3646
1417
1894
140
3383
87
3112
783
251
3377
2785
3
856
2527
2245
1599
1195
504
17
3174
62
1907
3404
38
981
1107
3188
2020
318
659
3768
1417
1270
1197
2495
3307
1
3232
1876
424
1810
3452
1921
2639
486
1844
393
2005
2093
335
107
1150
1076
2459
391
171
2026
1289
1978
964
738
1643
250
802
179
2714
362
1355
860
111
3707
1120
890
3445
2458
2311
649
2535
872
375
2523
2696
2107
2979
153
3285
2694
1956
314
79
28
3625
5844
2497
1190
3933
2948
7128
5384
62
5362
4913
5151
4562
163
306
5540
4460
5254
8688
8833
2818
7668
137
3966
6996
4438
1519
8452
4537
6033
5585
6450
4700
1484
2538
6302
1313
5378
6600
3923
8691
255
952
3016
5179
7333
5391
5506
8031
1048
4743
3888
6020
2022
6436
6835
2866
905
1602
4833
128
171
1053
111
4902
8297
493
8331
487
8569
2908
3068
5347
1769
4532
385
6234
8337
8026
6678
2102
8416
305
4278
4498
5700
7069
200
6553
2004
69
2991
1469
3082
8772
4293
6128
6126
1628
8979
7618
6382
7855
7918
3649
7090
2868
9003
1890
8288
6926
637
14
3770
1599
3079
887
6879
5452
4230
3586
6612
5352
5746
4164
297
7599
4211
1672
6132
2256
829
8698
4789
7346
5754
4335
6055
61
4787
6319
5304
6493
8890
99
2311
7329
4791
8471
3471
1151
2989
1464
3203
8180
6777
2523
110
5684
182
6667
7321
312
8639
8261
5019
1455
6098
5967
3327
6725
31
290
3469
3393
111
27
707
5224
5359
46
7945
6959
3643
2659
4991
6765
32
5115
35
2079
884
7458
3352
2022
7234
4650
291
6347
7114
6020
1606
6850
4163
37
5424
6752
3681
72
1034
6375
4244
7604
6547
2790
331
3695
8683
8163
2554
4563
6567
4133
9063
7897
6033
863
1999
4460
1773
7210
2408
583
69
1437
6158
4528
3286
5275
213
7788
8084
323
4150
4158
90
811
7878
190
4026
4459
7655
331
8265
3685
118
4806
1655
6145
8098
5657
5665
173
2757
4829
7469
4631
4428
4163
7500
5092
5277
6269
991
912
3499
6604
8629
8067
4580
3224
8978
7563
8071
1141
1660
380
4227
53
4895
4913
7946
3462
4241
8413
2740
4405
6575
35
1856
1234
6243
5578
29
2962
7939
4524
9098
30
5941
4602
3441
8684
8285
4421
636
6842
7298
1547
89
8434
455
816
60
5651
2898
3118
26
3221
9130
2931
4695
508
866
1497
44
2665
153
3172
3152
6447
9020
1812
7509
3123
7658
2857
1031
2348
627
1030
4961
6282
7357
7359
4133
5108
6085
5308
9136
8889
6199
2384
8491
7368
6937
15
6673
88
4165
4202
2936
6206
322
3225
254
382
5692
8527
5378
1260
4534
5743
715
7776
170
5743
25
8010
6144
1081
5846
3924
8562
3759
4185
3796
6286
1707
1879
4590
4226
9124
6564
3509
229
7613
4320
4420
2406
109
1419
4207
4534
3464
4118
5720
7458
507
5114
5
2277
7677
4617
7310
6754
4784
1122
5537
179
250
7970
2130
4420
3051
1880
8002
1956
9130
625
4042
6936
4240
2338
804
7796
5345
2292
5783
192
1874
8330
2429
7289
2363
5694
145
6145
3435
3497
2187
8310
3618
7089
321
6720
4848
1836
2105
4772
4951
4435
6209
3286
767
4483
2952
8747
2182
4364
3690
3212
9153
1404
7320
2166
7972
2838
5328
5967
5210
1692
4542
3075
2402
1628
7759
3372
8118
5701
685
7752
