100 64
99 25 74 23 31 80 45 90 77 2 22 83 37 67 32 55 17 26 3 13 61 21 76 82 24 73 79 10 60 52 34 64 58 89 94 1 19 40 92 39 62 46 20 100 96 71 49 70 4 88 33 48 30 7 9 16 28 14 43 41 86 54 53 91 
1 2
2 3
1 4
3 5
2 6
6 7
7 8
3 9
2 10
6 11
4 12
4 13
4 14
1 15
1 16
13 17
8 18
10 19
15 20
9 21
10 22
9 23
2 24
1 25
20 26
13 27
6 28
6 29
2 30
5 31
24 32
9 33
4 34
7 35
31 36
14 37
36 38
2 39
11 40
32 41
13 42
25 43
26 44
9 45
45 46
12 47
11 48
41 49
7 50
45 51
14 52
23 53
19 54
47 55
32 56
35 57
24 58
40 59
44 60
12 61
33 62
12 63
60 64
54 65
1 66
46 67
58 68
37 69
14 70
35 71
14 72
48 73
33 74
25 75
32 76
36 77
77 78
53 79
65 80
1 81
42 82
76 83
35 84
36 85
1 86
13 87
12 88
10 89
36 90
86 91
19 92
9 93
41 94
46 95
22 96
22 97
60 98
40 99
16 100
100
2 94
1 54
1 62
1 99
2 85
2 24
2 59
2 72
2 56
1 50
1 16
1 23
1 25
1 70
2 59
2 15
1 41
2 30
1 46
1 98
1 60
1 65
2 34
2 46
2 78
1 27
1 27
1 40
2 43
1 30
2 95
2 18
2 76
2 33
1 68
2 14
1 30
2 69
1 97
1 59
2 91
1 88
2 71
2 81
2 20
2 92
2 9
1 53
1 67
2 83
2 38
2 11
2 64
1 17
2 11
2 2
2 30
1 31
2 52
2 8
2 45
2 76
2 1
2 20
1 95
2 15
1 23
2 86
1 48
1 9
1 58
1 39
1 3
1 74
2 30
2 71
2 29
2 93
1 79
1 44
2 11
1 69
2 34
1 86
1 17
2 73
2 32
2 22
2 15
1 65
2 20
1 61
2 52
1 20
1 39
2 24
2 87
1 31
1 53
2 66
