1000 1
523 
1 2
2 3
1 4
4 5
1 6
1 7
5 8
5 9
9 10
10 11
3 12
4 13
12 14
14 15
7 16
13 17
6 18
7 19
1 20
4 21
14 22
5 23
11 24
18 25
4 26
2 27
3 28
12 29
20 30
10 31
30 32
9 33
33 34
22 35
25 36
36 37
37 38
34 39
31 40
16 41
4 42
9 43
25 44
16 45
40 46
42 47
34 48
22 49
17 50
36 51
50 52
23 53
36 54
47 55
4 56
19 57
49 58
38 59
42 60
30 61
49 62
53 63
24 64
61 65
16 66
44 67
55 68
61 69
28 70
41 71
7 72
72 73
22 74
25 75
26 76
46 77
34 78
53 79
44 80
42 81
72 82
15 83
3 84
44 85
77 86
85 87
5 88
26 89
82 90
56 91
57 92
80 93
23 94
13 95
44 96
3 97
71 98
44 99
1 100
91 101
17 102
94 103
73 104
32 105
16 106
52 107
106 108
1 109
32 110
66 111
101 112
64 113
17 114
100 115
115 116
94 117
115 118
68 119
31 120
116 121
75 122
6 123
117 124
9 125
31 126
120 127
65 128
59 129
97 130
109 131
48 132
20 133
116 134
3 135
98 136
117 137
125 138
52 139
43 140
81 141
48 142
40 143
98 144
28 145
105 146
121 147
48 148
51 149
134 150
70 151
60 152
85 153
52 154
92 155
55 156
89 157
40 158
95 159
56 160
147 161
82 162
116 163
99 164
69 165
136 166
11 167
17 168
146 169
28 170
40 171
38 172
146 173
22 174
166 175
27 176
33 177
35 178
128 179
50 180
126 181
72 182
181 183
146 184
8 185
58 186
49 187
52 188
88 189
134 190
144 191
89 192
114 193
62 194
115 195
53 196
74 197
129 198
5 199
151 200
44 201
103 202
32 203
5 204
139 205
79 206
189 207
12 208
51 209
119 210
175 211
87 212
43 213
92 214
172 215
111 216
121 217
207 218
44 219
170 220
1 221
94 222
54 223
185 224
113 225
122 226
80 227
221 228
100 229
4 230
28 231
2 232
222 233
19 234
49 235
10 236
146 237
227 238
238 239
226 240
23 241
111 242
77 243
14 244
5 245
47 246
58 247
223 248
6 249
135 250
149 251
206 252
54 253
126 254
94 255
42 256
106 257
95 258
34 259
206 260
221 261
181 262
126 263
212 264
13 265
59 266
142 267
234 268
110 269
156 270
164 271
33 272
209 273
68 274
134 275
104 276
162 277
41 278
167 279
46 280
264 281
146 282
274 283
65 284
78 285
191 286
194 287
139 288
189 289
266 290
90 291
17 292
26 293
36 294
73 295
144 296
68 297
172 298
55 299
283 300
95 301
97 302
37 303
284 304
148 305
40 306
128 307
199 308
53 309
111 310
253 311
184 312
181 313
282 314
190 315
294 316
25 317
131 318
132 319
218 320
210 321
153 322
148 323
45 324
276 325
159 326
90 327
245 328
288 329
238 330
22 331
146 332
217 333
153 334
314 335
129 336
101 337
236 338
238 339
294 340
202 341
339 342
99 343
96 344
97 345
291 346
316 347
77 348
263 349
239 350
335 351
37 352
247 353
174 354
294 355
281 356
21 357
61 358
192 359
85 360
349 361
199 362
117 363
315 364
152 365
137 366
355 367
127 368
247 369
316 370
77 371
172 372
261 373
241 374
46 375
173 376
167 377
358 378
290 379
347 380
312 381
172 382
134 383
29 384
48 385
6 386
149 387
124 388
258 389
273 390
11 391
254 392
245 393
298 394
349 395
145 396
288 397
157 398
191 399
198 400
175 401
98 402
193 403
106 404
334 405
183 406
175 407
133 408
196 409
409 410
4 411
141 412
65 413
243 414
169 415
355 416
32 417
220 418
317 419
267 420
184 421
253 422
371 423
364 424
367 425
159 426
325 427
47 428
341 429
156 430
327 431
17 432
16 433
14 434
44 435
292 436
361 437
1 438
60 439
333 440
299 441
437 442
186 443
417 444
200 445
256 446
35 447
225 448
299 449
14 450
80 451
104 452
409 453
375 454
383 455
355 456
317 457
427 458
257 459
240 460
208 461
179 462
333 463
145 464
223 465
230 466
129 467
280 468
82 469
292 470
391 471
435 472
161 473
93 474
459 475
271 476
98 477
158 478
69 479
156 480
438 481
129 482
227 483
411 484
3 485
224 486
196 487
350 488
412 489
140 490
153 491
418 492
427 493
102 494
398 495
226 496
319 497
292 498
232 499
142 500
441 501
390 502
355 503
10 504
73 505
157 506
276 507
298 508
91 509
297 510
201 511
143 512
471 513
82 514
57 515
223 516
97 517
100 518
157 519
413 520
215 521
353 522
167 523
101 524
187 525
96 526
137 527
312 528
309 529
267 530
407 531
238 532
406 533
496 534
53 535
278 536
304 537
486 538
473 539
224 540
227 541
475 542
469 543
290 544
411 545
229 546
412 547
37 548
394 549
354 550
242 551
521 552
194 553
183 554
24 555
135 556
340 557
204 558
498 559
287 560
148 561
28 562
397 563
449 564
233 565
475 566
407 567
270 568
386 569
166 570
464 571
160 572
330 573
553 574
150 575
223 576
381 577
178 578
358 579
541 580
472 581
357 582
535 583
344 584
131 585
568 586
61 587
263 588
555 589
6 590
93 591
122 592
49 593
404 594
159 595
279 596
374 597
559 598
120 599
311 600
170 601
419 602
574 603
410 604
45 605
232 606
115 607
203 608
142 609
10 610
485 611
309 612
537 613
530 614
281 615
346 616
67 617
207 618
200 619
256 620
6 621
389 622
535 623
561 624
112 625
499 626
301 627
6 628
50 629
558 630
373 631
445 632
252 633
319 634
626 635
322 636
626 637
216 638
344 639
154 640
275 641
452 642
520 643
523 644
87 645
192 646
193 647
246 648
296 649
290 650
546 651
299 652
574 653
200 654
628 655
586 656
420 657
553 658
99 659
214 660
159 661
247 662
559 663
521 664
277 665
579 666
622 667
556 668
346 669
411 670
294 671
251 672
623 673
579 674
12 675
137 676
201 677
39 678
369 679
300 680
22 681
371 682
633 683
628 684
459 685
184 686
629 687
283 688
177 689
641 690
142 691
315 692
390 693
199 694
405 695
399 696
97 697
558 698
78 699
533 700
422 701
82 702
498 703
479 704
519 705
497 706
93 707
335 708
179 709
456 710
399 711
405 712
600 713
527 714
11 715
338 716
62 717
711 718
173 719
211 720
204 721
624 722
214 723
290 724
103 725
31 726
294 727
209 728
91 729
610 730
322 731
441 732
548 733
651 734
410 735
617 736
94 737
481 738
491 739
301 740
532 741
66 742
405 743
652 744
467 745
459 746
725 747
183 748
649 749
370 750
710 751
587 752
537 753
376 754
534 755
269 756
739 757
476 758
737 759
176 760
647 761
611 762
185 763
441 764
722 765
382 766
158 767
567 768
377 769
664 770
395 771
588 772
6 773
486 774
459 775
373 776
611 777
36 778
191 779
495 780
262 781
14 782
729 783
190 784
347 785
214 786
128 787
683 788
64 789
564 790
155 791
21 792
658 793
695 794
248 795
209 796
750 797
367 798
421 799
771 800
475 801
582 802
600 803
423 804
24 805
691 806
393 807
504 808
651 809
25 810
410 811
318 812
587 813
181 814
686 815
303 816
167 817
353 818
778 819
261 820
115 821
81 822
226 823
798 824
88 825
606 826
675 827
599 828
434 829
131 830
490 831
338 832
585 833
423 834
668 835
773 836
570 837
359 838
30 839
42 840
263 841
368 842
146 843
148 844
362 845
665 846
90 847
638 848
368 849
629 850
409 851
583 852
281 853
385 854
292 855
197 856
204 857
358 858
104 859
145 860
520 861
48 862
835 863
360 864
615 865
648 866
299 867
501 868
764 869
646 870
723 871
179 872
260 873
70 874
533 875
531 876
805 877
651 878
192 879
467 880
314 881
543 882
204 883
379 884
388 885
452 886
645 887
249 888
635 889
311 890
587 891
408 892
662 893
65 894
266 895
388 896
88 897
788 898
723 899
227 900
798 901
144 902
44 903
331 904
637 905
354 906
344 907
56 908
350 909
458 910
62 911
902 912
491 913
331 914
513 915
701 916
514 917
14 918
110 919
593 920
920 921
869 922
859 923
770 924
174 925
845 926
334 927
456 928
640 929
511 930
347 931
711 932
764 933
55 934
199 935
398 936
863 937
233 938
32 939
526 940
319 941
82 942
680 943
154 944
660 945
648 946
46 947
713 948
517 949
608 950
76 951
666 952
160 953
749 954
907 955
780 956
698 957
311 958
54 959
132 960
4 961
508 962
848 963
828 964
634 965
839 966
4 967
763 968
694 969
490 970
353 971
445 972
218 973
29 974
503 975
654 976
332 977
132 978
96 979
817 980
571 981
870 982
814 983
858 984
118 985
807 986
435 987
682 988
317 989
314 990
515 991
672 992
264 993
388 994
682 995
511 996
340 997
933 998
345 999
778 1000
1000
1 573
1 903
1 987
1 922
1 594
1 661
1 548
1 657
1 853
1 907
1 65
1 823
1 862
1 602
1 225
1 158
1 631
1 504
1 54
1 761
1 538
1 332
1 365
1 80
1 367
1 526
1 625
1 999
1 706
1 880
1 456
1 73
1 785
1 629
1 463
1 941
1 186
1 173
1 321
1 90
1 211
1 834
1 74
1 885
1 980
1 138
1 11
1 371
1 46
1 153
1 222
1 389
1 463
1 730
1 56
1 24
1 501
1 625
1 734
1 173
1 432
1 497
1 288
1 28
1 445
1 157
1 771
1 527
1 252
1 133
1 235
1 518
1 443
1 927
1 677
1 295
1 371
1 735
1 186
1 808
1 880
1 853
1 767
1 507
1 647
1 34
1 873
1 68
1 464
1 166
1 831
1 602
1 586
1 568
1 248
1 352
1 165
1 667
1 467
1 782
1 611
1 914
1 629
1 561
1 568
1 16
1 292
1 867
1 801
1 614
1 882
1 528
1 881
1 706
1 326
1 935
1 157
1 216
1 709
1 234
1 721
1 504
1 438
1 314
1 956
1 883
1 34
1 345
1 351
1 267
1 650
1 509
1 907
1 399
1 3
1 102
1 151
1 527
1 916
1 181
1 89
1 434
1 88
1 872
1 68
1 434
1 543
1 798
1 967
1 441
1 631
1 908
1 671
1 106
1 495
1 377
1 274
1 798
1 684
1 860
1 524
1 577
1 21
1 144
1 336
1 136
1 193
1 74
1 268
1 610
1 449
1 799
1 406
1 680
1 543
1 164
1 885
1 698
1 405
1 907
1 832
1 104
1 947
1 118
1 443
1 321
1 344
1 164
1 865
1 980
1 657
1 13
1 819
1 921
1 784
1 4
1 357
1 506
1 60
1 16
1 962
1 475
1 902
1 974
1 198
1 915
1 956
1 527
1 169
1 94
1 990
1 210
1 828
1 633
1 101
1 550
1 820
1 410
1 979
1 645
1 995
1 993
1 46
1 456
1 413
1 302
1 151
1 27
1 584
1 64
1 583
1 365
1 717
1 159
1 272
1 535
1 716
1 864
1 361
1 190
1 476
1 667
1 140
1 815
1 215
1 841
1 410
1 790
1 235
1 719
1 870
1 154
1 237
1 82
1 670
1 624
1 433
1 678
1 61
1 899
1 652
1 311
1 638
1 109
1 994
1 283
1 531
1 133
1 12
1 882
1 580
1 309
1 689
1 586
1 372
1 78
1 365
1 556
1 756
1 322
1 543
1 13
1 763
1 230
1 772
1 682
1 109
1 546
1 145
1 547
1 263
1 959
1 789
1 226
1 829
1 524
1 485
1 745
1 635
1 860
1 545
1 141
1 56
1 39
1 284
1 810
1 305
1 267
1 778
1 876
1 482
1 991
1 754
1 704
1 462
1 397
1 346
1 837
1 271
1 626
1 25
1 435
1 905
1 435
1 199
1 694
1 889
1 981
1 505
1 310
1 356
1 816
1 473
1 558
1 778
1 721
1 171
1 846
1 561
1 459
1 882
1 696
1 989
1 969
1 408
1 180
1 117
1 915
1 828
1 400
1 841
1 43
1 198
1 40
1 543
1 171
1 382
1 765
1 893
1 724
1 627
1 69
1 777
1 213
1 919
1 192
1 949
1 662
1 591
1 498
1 294
1 672
1 201
1 969
1 139
1 660
1 518
1 741
1 434
1 700
1 935
1 22
1 966
1 722
1 779
1 743
1 69
1 787
1 550
1 798
1 694
1 591
1 150
1 20
1 208
1 672
1 391
1 575
1 205
1 332
1 494
1 481
1 141
1 576
1 899
1 901
1 415
1 715
1 319
1 278
1 98
1 389
1 325
1 44
1 122
1 154
1 21
1 724
1 422
1 167
1 811
1 906
1 870
1 824
1 351
1 294
1 330
1 755
1 941
1 328
1 934
1 205
1 20
1 849
1 210
1 262
1 228
1 288
1 173
1 675
1 176
1 861
1 945
1 569
1 636
1 525
1 329
1 425
1 8
1 211
1 208
1 436
1 97
1 536
1 787
1 244
1 625
1 558
1 494
1 644
1 5
1 590
1 381
1 965
1 509
1 340
1 424
1 478
1 224
1 828
1 962
1 16
1 125
1 820
1 635
1 339
1 878
1 654
1 376
1 808
1 967
1 384
1 36
1 373
1 213
1 329
1 281
1 918
1 113
1 186
1 591
1 806
1 691
1 390
1 965
1 121
1 979
1 360
1 509
1 621
1 843
1 840
1 976
1 301
1 569
1 281
1 307
1 801
1 129
1 762
1 802
1 982
1 670
1 239
1 257
1 93
1 977
1 539
1 394
1 723
1 810
1 476
1 352
1 397
1 43
1 643
1 626
1 861
1 205
1 711
1 139
1 493
1 345
1 581
1 646
1 559
1 137
1 358
1 342
1 166
1 527
1 181
1 4
1 213
1 267
1 235
1 226
1 338
1 602
1 977
1 156
1 167
1 217
1 945
1 958
1 253
1 569
1 330
1 440
1 381
1 237
1 310
1 327
1 940
1 175
1 97
1 885
1 705
1 408
1 984
1 200
1 615
1 622
1 132
1 576
1 754
1 327
1 594
1 722
1 376
1 588
1 840
1 234
1 397
1 121
1 486
1 469
1 538
1 225
1 598
1 908
1 804
1 471
1 65
1 620
1 709
1 327
1 152
1 539
1 545
1 970
1 404
1 141
1 198
1 24
1 858
1 892
1 568
1 792
1 558
1 278
1 105
1 667
1 499
1 800
1 826
1 271
1 477
1 625
1 353
1 720
1 43
1 217
1 167
1 944
1 972
1 888
1 667
1 382
1 253
1 491
1 872
1 109
1 460
1 209
1 305
1 299
1 204
1 211
1 909
1 834
1 789
1 634
1 18
1 324
1 759
1 923
1 882
1 183
1 67
1 413
1 868
1 32
1 30
1 715
1 401
1 91
1 139
1 973
1 661
1 561
1 308
1 369
1 693
1 242
1 389
1 839
1 227
1 682
1 437
1 730
1 634
1 208
1 761
1 938
1 936
1 897
1 767
1 702
1 192
1 76
1 276
1 358
1 665
1 846
1 130
1 879
1 735
1 925
1 26
1 120
1 828
1 386
1 962
1 458
1 650
1 464
1 162
1 44
1 63
1 217
1 753
1 755
1 678
1 823
1 311
1 369
1 430
1 967
1 999
1 453
1 321
1 410
1 988
1 576
1 891
1 142
1 492
1 24
1 685
1 730
1 148
1 85
1 341
1 542
1 26
1 256
1 220
1 528
1 873
1 332
1 659
1 483
1 29
1 932
1 435
1 202
1 651
1 676
1 264
1 731
1 68
1 116
1 513
1 198
1 990
1 903
1 86
1 108
1 495
1 866
1 110
1 229
1 407
1 720
1 717
1 282
1 888
1 305
1 950
1 241
1 133
1 963
1 355
1 630
1 716
1 481
1 582
1 870
1 881
1 671
1 210
1 895
1 9
1 176
1 875
1 156
1 440
1 383
1 719
1 973
1 223
1 233
1 623
1 50
1 693
1 316
1 302
1 912
1 257
1 249
1 853
1 237
1 274
1 716
1 825
1 757
1 579
1 188
1 946
1 518
1 565
1 990
1 136
1 273
1 283
1 156
1 812
1 39
1 428
1 587
1 848
1 875
1 633
1 218
1 708
1 295
1 548
1 54
1 230
1 246
1 104
1 162
1 453
1 920
1 227
1 572
1 203
1 12
1 461
1 179
1 156
1 799
1 915
1 405
1 695
1 947
1 957
1 460
1 472
1 764
1 32
1 648
1 223
1 291
1 184
1 128
1 841
1 877
1 854
1 338
1 192
1 238
1 370
1 474
1 394
1 391
1 541
1 847
1 651
1 815
1 414
1 209
1 512
1 957
1 167
1 679
1 985
1 971
1 603
1 253
1 866
1 526
1 294
1 954
1 487
1 682
1 761
1 287
1 209
1 330
1 640
1 52
1 736
1 126
1 274
1 613
1 983
1 933
1 557
1 369
1 503
1 258
1 507
1 371
1 1
1 379
1 197
1 697
1 652
1 859
1 322
1 90
1 823
1 538
1 507
1 373
1 59
1 986
1 759
1 580
1 304
1 786
1 214
1 943
1 739
1 992
1 853
1 261
1 257
1 735
1 829
1 38
1 738
1 392
1 63
1 99
1 524
1 637
1 752
1 79
1 67
1 449
1 941
1 367
1 554
1 59
1 724
1 492
1 961
1 161
1 926
1 898
1 356
1 952
1 756
1 577
1 339
1 762
1 229
1 976
1 851
1 873
1 602
1 17
1 728
1 527
1 975
1 535
1 37
1 448
1 278
1 461
1 594
1 903
1 937
1 744
1 705
1 326
1 507
1 628
1 885
1 393
1 851
1 277
1 223
1 793
1 782
1 468
1 406
1 454
1 577
1 1
1 394
1 286
1 232
1 847
1 918
1 170
1 166
1 875
1 311
1 120
1 169
1 518
1 293
1 603
1 417
1 570
1 70