9507
37276
28926
60747
22507
59872
42092
5702
4793
67790
42182
11260
37533
13384
70001
11278
25262
11772
86569
75118
79666
39753
5489
11734
2795
73607
21733
35721
81174
9231
83020
60622
13086
8088
5751
76191
39608
27141
14833
75157
80523
10578
2313
23395
34598
43365
75778
62657
59049
83562
8864
22228
49682
38477
10348
62363
6039
67793
9942
1112
3216
1743
36588
5894
43825
54542
61069
58467
17557
1051
50658
17243
21750
33125
4784
25552
9191
20632
12993
82023
79623
31124
4401
53732
38325
22250
75332
44049
5307
9549
84602
36751
9019
75404
13498
72407
83670
50513
35276
85323
