10
279 121 481 640 784 969 905 922 407 978 
1000
562 660
984 994
358 515
86 186
518 626
900 944
743 901
699 967
219 993
121 158
739 837
186 275
391 463
30 527
274 757
735 896
516 922
981 1000
477 915
311 777
979 997
232 966
617 681
356 718
812 826
102 242
674 675
887 892
25 528
789 815
986 990
54 102
704 758
751 882
873 892
85 484
880 893
911 994
75 868
38 356
856 898
227 677
831 936
35 47
700 960
225 671
77 681
840 916
898 907
651 674
613 642
748 960
759 873
309 772
267 407
182 593
196 684
395 812
63 223
169 578
892 922
870 962
47 959
978 991
197 531
445 991
269 344
862 964
716 743
150 192
933 934
551 862
843 845
404 546
948 966
510 982
805 837
887 913
756 802
39 607
710 756
129 514
5 228
538 626
389 446
173 297
211 220
149 995
770 967
640 805
204 958
492 823
738 816
474 778
944 955
812 902
32 548
131 616
273 826
921 948
875 942
328 730
98 660
421 955
413 623
181 809
482 520
746 937
744 822
177 922
440 519
156 771
520 963
175 420
69 352
769 794
813 857
369 452
39 63
26 347
583 634
869 886
234 312
585 695
210 893
594 606
878 966
163 451
602 964
617 731
150 350
373 865
45 368
821 893
757 981
793 925
982 985
261 956
392 834
712 961
789 1000
335 958
224 569
110 903
937 956
276 415
807 957
138 873
496 949
697 978
688 921
597 664
411 923
441 856
280 882
536 600
957 961
837 997
985 994
80 814
322 551
166 315
140 354
995 998
994 1000
151 754
780 949
234 973
765 906
701 876
583 943
135 499
269 661
680 807
45 457
366 462
273 548
753 994
113 287
933 948
590 593
268 538
357 959
53 162
894 980
853 989
656 997
760 824
490 900
580 599
81 786
19 615
873 951
307 836
642 786
955 978
129 825
892 969
703 987
633 885
658 813
941 973
782 864
752 937
528 774
933 978
351 723
179 854
951 984
958 981
59 101
154 456
127 743
699 988
359 518
579 819
807 820
49 112
775 839
826 843
427 559
399 683
373 687
427 818
703 832
423 799
129 664
564 812
675 807
389 460
432 620
950 993
383 556
452 806
686 821
411 421
982 994
446 943
502 671
870 970
756 769
330 941
623 765
784 945
826 849
101 638
917 960
623 818
726 776
460 795
288 557
598 715
765 888
693 819
29 702
945 980
35 728
147 642
856 945
775 899
999 1000
729 913
500 911
472 501
834 870
355 935
775 797
551 569
902 920
698 716
913 942
191 424
360 773
182 900
786 934
975 992
407 469
99 168
601 705
896 962
421 671
383 636
353 892
531 631
363 438
408 471
419 483
221 837
198 764
367 496
601 618
404 472
614 637
337 688
254 930
800 848
347 962
482 562
224 836
77 626
184 332
946 976
224 868
181 753
394 467
282 408
799 864
905 944
112 434
349 497
184 433
230 801
690 711
601 746
58 885
345 627
683 687
69 630
205 695
766 811
864 953
498 878
841 871
210 460
680 804
476 485
876 986
574 908
931 970
224 254
490 521
364 562
774 798
949 985
84 631
657 869
211 253
461 779
100 257
724 922
355 994
914 959
669 811
995 998
989 992
235 742
173 225
146 630
37 323
38 436
299 999
61 978
200 570
261 666
675 782
186 784
884 926
20 90
503 929
337 555
114 841
422 972
861 954
310 804
253 619
500 865
85 422
891 956
19 170
672 861
810 902
592 743
312 565
723 782
206 730
829 854
687 689
485 494
975 1000
564 806
330 616
371 682
599 639
937 983
231 798
184 794
229 822
515 825
419 492
366 854
318 913
738 999
832 870
980 984
160 191
456 603
928 1000
807 820
315 935
330 386
225 657
66 827
720 779
862 932
752 960
528 963
51 287
885 974
512 844
414 922
947 971
463 697
306 755
540 957
702 720
395 581
460 899
906 965
991 998
742 857
628 736
93 499
194 613
512 703
212 489
985 992
12 100
925 965
517 557
421 691
877 994
47 606
397 882
636 655
663 762
526 537
203 516
664 824
614 708
442 884
95 871
407 454
423 982
501 924
229 547
880 920
475 613
275 297
872 917
396 399
403 695
147 609
921 981
751 875
75 80
269 384
343 826
149 656
888 965
715 758
245 638
631 803
268 558
282 606
729 790
766 869
679 696
224 386
793 910
652 760
229 931
565 611
77 887
240 380
404 578
651 977
250 540
728 954
644 788
840 861
619 813
542 709
415 726
793 956
887 943
932 961
568 793
238 653
416 661
402 903
141 299
754 971
303 509
565 895
367 969
770 866
523 810
991 997
855 973
979 999
57 679
780 903
88 112
893 926
994 999
952 956
385 645
652 852
210 528
43 180
426 477
627 768
140 520
487 777
499 669
729 892
633 770
302 959
970 999
942 998
488 565
558 828
115 711
28 695
284 539
870 883
991 999
464 865
187 398
728 892
376 377
623 854
547 597
119 163
432 773
883 900
797 904
392 659
991 993
758 934
996 999
426 978
116 894
852 951
436 934
991 996
440 645
210 663
181 627
483 928
384 954
763 996
334 498
329 650
521 859
207 358
708 948
123 305
708 892
275 406
843 945
913 990
481 758
654 697
521 548
45 261
61 344
15 86
511 938
727 769
38 951
194 512
649 732
565 648
427 492
786 936
715 731
408 731
518 765
373 464
923 997
211 902
459 892
733 745
92 96
173 723
616 851
547 953
574 929
555 651
269 925
732 899
488 694
257 951
339 913
590 886
665 750
24 70
999 1000
264 479
392 972
702 795
637 805
495 688
9 169
371 809
606 703
693 898
80 552
104 899
364 397
690 883
797 973
751 933
91 128
341 710
287 479
232 895
48 701
345 630
179 459
119 480
843 918
490 863
789 820
600 921
590 760
543 892
907 944
950 976
829 908
432 460
943 993
973 996
973 999
190 450
995 1000
957 970
303 519
567 864
4 160
615 808
732 781
57 191
664 897
575 913
335 891
83 645
658 685
250 430
264 755
713 797
787 981
799 904
29 379
519 973
120 121
48 611
633 707
218 304
784 916
519 995
183 321
84 774
717 888
299 401
101 591
207 983
672 721
298 751
99 705
758 979
950 981
950 982
875 970
425 553
967 976
603 740
880 885
503 613
299 847
988 997
537 816
507 602
213 425
850 977
565 648
433 766
770 829
255 809
349 797
951 971
664 758
989 995
255 363
118 683
393 917
297 343
791 985
377 698
759 880
980 992
21 842
75 667
263 886
509 959
739 798
826 901
872 926
650 868
486 564
568 864
307 474
774 877
786 870
574 797
730 903
585 862
808 879
800 827
514 564
926 935
914 955
366 948
587 747
365 389
163 231
526 995
52 992
159 527
440 921
133 315
169 663
440 967
483 673
589 601
671 680
620 673
220 810
69 926
156 980
604 705
688 911
774 855
217 220
631 835
188 710
914 916
121 854
140 368
977 991
765 794
993 994
684 693
695 928
814 973
72 76
106 277
531 684
780 878
950 981
876 881
915 995
722 991
694 835
841 995
918 931
669 867
293 816
282 587
526 704
290 509
178 871
643 735
655 954
867 925
6 800
360 856
823 889
400 961
467 625
322 854
750 881
768 906
815 901
42 852
189 524
95 566
671 754
722 784
144 868
367 605
38 363
841 845
766 948
785 947
69 545
429 495
309 328
850 928
970 981
120 751
264 295
769 794
939 948
228 711
715 990
949 996
58 208
193 304
698 887
112 503
320 404
372 494
791 924
936 937
403 831
95 483
443 445
371 954
66 919
302 766
234 777
464 500
29 697
245 398
1 26
98 453
79 716
636 822
289 985
398 528
206 503
709 947
923 949
769 902
175 560
858 899
147 383
788 957
396 761
345 686
334 972
122 488
311 829
577 878
718 996
446 624
222 610
20 523
522 933
464 898
383 749
293 339
72 759
238 738
794 978
745 979
542 938
916 941
556 900
976 985
202 667
646 671
208 766
58 636
542 918
771 776
589 684
883 992
775 950
105 301
829 914
201 635
907 994
173 397
913 952
451 917
849 909
682 957
911 937
241 625
50 692
838 999
822 860
960 970
84 784
938 940
847 850
797 944
346 745
304 953
251 892
902 977
263 679
853 935
417 700
350 629
962 987
430 750
534 700
488 533
937 994
940 981
540 824
632 784
8 24
530 745
758 959
631 933
704 858
419 555
223 670
454 911
499 523
134 302
800 903
527 939
443 668
244 281
617 787
144 943
456 586
542 605
13 641
185 503
561 702
193 965
368 802
603 744
23 542
747 842
306 712
224 553
655 995
229 429
170 829
824 932
614 759
424 745
277 714
184 319
820 847
810 910
686 937
266 392
963 975
320 719
45 73
161 433
295 570
659 863
59 313
627 661
942 963
389 465
185 455
703 920
391 468
251 915
582 772
638 665
636 696
498 991
704 874
868 941
377 741
643 868
639 834
894 939
20 714
600 725
607 852
268 645
533 729
94 510
772 876
397 733
925 986
52 898
269 474
351 944
304 310
392 618
155 459
494 811
69 207
558 980
256 282
585 790
26 834
786 974
179 351
218 974
162 989
170 652
152 858
836 928
273 884
287 683
